,rank_mom_60,rank_mom_120,rank_mom_252_skip_20,rank_trend,near_52w_high_score,above_sma200,low_vol_score,abnormal_volume,price_volume_breakout,reversal_1w
rank_mom_60,1.0,0.6409,0.3064,0.5651,0.3954,0.416,-0.0946,0.0111,0.142,-0.2039
rank_mom_120,0.6409,1.0,0.5714,0.5477,0.367,0.531,-0.1273,0.0277,0.1048,-0.1045
rank_mom_252_skip_20,0.3064,0.5714,1.0,0.3314,0.2163,0.4102,-0.181,0.0171,0.0068,0.0057
rank_trend,0.5651,0.5477,0.3314,1.0,0.5376,0.4406,0.0415,0.0004,0.0929,-0.1499
near_52w_high_score,0.3954,0.367,0.2163,0.5376,1.0,0.5057,0.331,-0.0092,0.1117,-0.2322
above_sma200,0.416,0.531,0.4102,0.4406,0.5057,1.0,0.1863,0.007,0.0785,-0.1385
low_vol_score,-0.0946,-0.1273,-0.181,0.0415,0.331,0.1863,1.0,-0.0144,-0.0384,0.0343
abnormal_volume,0.0111,0.0277,0.0171,0.0004,-0.0092,0.007,-0.0144,1.0,0.4748,0.0062
price_volume_breakout,0.142,0.1048,0.0068,0.0929,0.1117,0.0785,-0.0384,0.4748,1.0,-0.2467
reversal_1w,-0.2039,-0.1045,0.0057,-0.1499,-0.2322,-0.1385,0.0343,0.0062,-0.2467,1.0
